| Run on Sun Apr 12 20:05:24 2026
| GB non-polar solvation energies calculated with gbsa=2
idecomp = 2: Per-residue decomp adding 1-4 interactions to EEL and VDW.
Energy Decomposition Analysis (All units kcal/mol): Generalized Born model

DELTAS:
Total Energy Decomposition:
Residue,Internal,,,van der Waals,,,Electrostatic,,,Polar Solvation,,,Non-Polar Solv.,,,TOTAL,,
,Avg.,Std. Dev.,Std. Err. of Mean,Avg.,Std. Dev.,Std. Err. of Mean,Avg.,Std. Dev.,Std. Err. of Mean,Avg.,Std. Dev.,Std. Err. of Mean,Avg.,Std. Dev.,Std. Err. of Mean,Avg.,Std. Dev.,Std. Err. of Mean
R:A:PRO:42,0.0,3.4066960951631713,0.24088979103316105,-0.141285,1.4399885446679777,0.10182256647656747,-0.022394999999999908,2.541296522835342,0.17969680043026642,0.07688999999999999,2.1784803556378467,0.1540418232153203,-0.010284947999999995,0.1547897430720501,0.010945287698437004,-0.09707494799999974,4.990698331397152,0.35289566329873134
R:A:LEU:43,0.0,3.9766150995790377,0.28118915030811553,-2.3575500000000003,2.1544712895511045,0.15234412587133117,-0.3912799999999999,1.8783868693642425,0.13282200930192253,1.5212450000000002,1.3605928025956184,0.09620843971489713,-0.36663548399999996,0.17942666257814752,0.012687380983467864,-1.594220484,5.085956952277411,0.35963146497782233
R:A:GLY:44,0.0,2.2839292856719533,0.16149818856491857,-1.3377550000000002,1.0817232566026305,0.07648938501109158,-0.197825,1.834598311095647,0.12972569065291192,0.8676299999999999,1.2404821292948964,0.08771533255651488,-0.133025004,0.05026696659073591,0.003554411294598699,-0.800975004,3.360585042805826,0.23762924725220835
R:A:GLU:45,0.0,3.927020236508847,0.2776822639092205,-1.64494,1.6431606922026831,0.11618900680356986,-1.1420949999999999,14.969796955519303,1.0585244940233434,1.9722650000000004,14.073003210611267,0.9951116001883281,-0.154487016,0.13753091411727644,0.009724904199511084,-0.9692570159999992,20.98296022981595,1.4837193467870495
R:A:GLY:46,0.0,2.5507425345475387,0.1803647343239526,-1.01141,1.2773421200876451,0.09032172750091752,-0.553715,3.419711195755425,0.24181009762182182,0.76813,1.9803968175847992,0.14003520191544697,-0.13295484,0.06957369868364935,0.004919603413143803,-0.92994984,4.874333501754217,0.3446674272855177
R:A:ALA:47,0.0,2.7572765316431354,0.19496889331313852,-0.26635,1.0520753100182514,0.07439295860328449,-0.15075499999999997,4.047035165089994,0.2861686008935554,0.16849000000000003,3.5207807044319024,0.24895679111745478,-0.012252276,0.12438101891323033,0.008795066192443739,-0.26086727599999987,6.123666986695219,0.4330086452020381
R:A:PHE:48,0.0,4.5120747960112535,0.3190518685480465,-0.60021,2.4274628194680963,0.17164754207241067,-0.4299900000000001,2.8575615653735267,0.20206011605336666,0.504145,2.209451791842266,0.15623183447164346,-0.06426774,0.21379077316124515,0.015117290545743138,-0.59032274,6.272514369833192,0.44353374459991135
R:A:GLY:49,0.0,2.2001882799433328,0.15557680526350964,-0.809125,1.0242952172469615,0.07242860940522744,-0.40549,1.9666955787564073,0.13906637802682573,0.608075,1.2326047761042467,0.0871583195706239,-0.08012646,0.05540592796274753,0.003917790738039213,-0.68666646,3.3586135546834526,0.23748984199017245
R:A:GLN:50,0.0,4.367066268675116,0.3087982172471208,-0.8476700000000003,1.7718225293606582,0.1252867725570022,0.5725950000000001,4.047201467047941,0.28618036021777427,-0.23339999999999997,2.5023743142763437,0.17694458466918395,-0.017080704,0.097649176653834,0.006904839498920913,-0.5255557040000006,6.69790080218244,0.473613107693802
R:A:VAL:51,0.0,3.7024836774184435,0.2618051315535087,-1.9668349999999999,1.8848475928772068,0.13327885144266138,-0.12257499999999989,1.919161538817147,0.13570521382900141,0.015740000000000007,0.9089339976863007,0.06427133934149809,-0.27523180799999997,0.05232366097754216,0.0036998415493725996,-2.348901808,4.666167122987356,0.3299478414814082
R:A:VAL:52,0.0,3.3422054496320244,0.23632961375534384,-0.12865999999999997,1.868775320403713,0.13214237015715286,-0.03127499999999991,1.5673107876471086,0.11082560861720994,0.070815,0.6319703381290929,0.04468705115998369,-1.7855999999999983e-05,0.04840206113690449,0.003422542565331102,-0.08913785599999985,4.185791542656215,0.29598015844455094
R:A:ARG:53,0.0,5.237801364904935,0.3703684863632434,-0.2635,1.9967645814542085,0.1411925775979389,0.8897799999999991,17.89014002889161,1.2650239330806154,-0.4578700000000001,15.181976407890705,1.07352784698337,-0.042040008000000004,0.21143233875562822,0.0149505240496236,0.12636999199999807,24.125004735106717,1.7058954444351528
R:A:VAL:70,0.0,3.4056027600411647,0.24081248056527302,-0.04169000000000004,2.003144700389864,0.1416437201343568,-0.03452000000000004,1.8970562997971356,0.13414213738792147,-0.079995,1.0131625638933766,0.07164141193733553,-4.6547999999999995e-05,0.02234024024485717,0.0015796935370475122,-0.15625154800000007,4.498504075991173,0.31809227373286825
R:A:ALA:71,0.0,2.6121483656082787,0.18470678227869708,-0.27401,1.3638936490430624,0.09644184480556145,0.08614500000000003,1.2645235977137794,0.08941532109138232,-0.19326000000000002,0.5370781434297992,0.03797715972462922,-0.016971912,0.024455060553977778,0.0017292339152045334,-0.3980969119999999,3.251399065196658,0.22990863273441584
R:A:VAL:72,0.0,3.592104374033416,0.2540001361608887,-0.08606499999999997,1.7269816619683602,0.12211604441626414,-0.12050999999999988,1.422187928773831,0.10056387285576265,0.057054999999999995,0.5183959769085791,0.03665613106118812,-3.2184e-05,0.0007917555140824722,5.598556930495571e-05,-0.14955218399999987,4.263453179668658,0.3014716654615056
R:A:LYS:73,0.0,4.075626653657079,0.28819032443855574,-1.052255,1.8426009231993237,0.13029156078148346,-0.8415549999999999,12.727108942948316,0.8999425038458707,1.44493,11.191209785876593,0.7913380329274589,-0.20605895999999999,0.1445050398614693,0.010218049360167729,-0.6549389599999997,17.528527348465285,1.2394540552313655
R:A:LYS:76,0.0,4.445775700364336,0.31436381453619944,-0.08031500000000001,2.4355721355309923,0.17222095731029655,0.03970500000000013,15.381836034465294,1.0876600567070003,0.17449000000000006,13.21810646305665,0.9346612714473088,0.0,0.19772923558137176,0.013981568331842035,0.13388000000000047,20.90586636128251,1.4782679870642594
R:A:GLU:90,0.0,4.061661723359049,0.2872028547473022,-0.09363500000000002,2.083276026688494,0.14730986055548012,0.32954,11.656001910149122,0.8242037992189795,-0.055775000000000505,10.930369570699566,0.7728938444316755,-0.0013612680000000005,0.10128614300857791,0.007162011856159586,0.17876873199999982,16.618747044305582,1.175122872985237
R:A:MET:94,0.0,3.894436588750676,0.27537825208066086,-0.03551000000000002,1.340140356791034,0.09476223340286993,-0.004359999999999989,2.0003595861619483,0.14144678281866294,0.04682999999999998,1.5737326180453908,0.11127970059943547,-0.0035455320000000005,0.06739943437869621,0.00476585970973138,0.003414467999999922,4.842027264535441,0.34238303134431597
R:A:ILE:104,0.0,4.200446103070482,0.2970163923489746,-0.29881499999999994,1.8425447389073082,0.1302875879520954,0.06578499999999997,1.3372304271796243,0.0945564703067696,-0.08439999999999998,0.9262693861938869,0.06549713641831985,-0.025800011999999997,0.05719305718257362,0.004044159857058778,-0.3432300119999999,4.8670473407025625,0.3441522178966735
R:A:VAL:120,0.0,3.373082160161535,0.23851292689495893,-0.23169000000000003,1.9328264194955533,0.13667146680818204,0.05634,1.5687606279321267,0.11092812780692732,-0.143695,0.6517065103825495,0.046082609283492185,-0.026806608,0.05967987111780936,0.004220004156774218,-0.34585160800000025,4.242969973679008,0.30002328407593337
R:A:GLU:121,0.0,3.8947488656138023,0.2754003333894133,-0.18567999999999998,2.0668072786304963,0.1461453442125338,-0.5602600000000002,13.31849109231973,0.941759536655191,0.93191,12.032810477502752,0.8508481885374735,-0.009977076000000001,0.06823257195126761,0.004824771432454035,0.17599292400000002,18.482860971742852,1.3069356328847552
R:A:CYS:122,0.0,2.8195041982235103,0.19936905381477837,-0.4099549999999999,1.2991227530433758,0.09186185082707075,-0.5468499999999998,3.3367641625607884,0.23594485665669848,0.17943500000000004,2.4719950138046394,0.17479644373205935,-0.016434864,0.09996624699644607,0.007068681114095635,-0.7938048639999999,5.185756601175816,0.3666883658274322
R:A:ALA:123,0.0,3.079312969186471,0.21774030819074358,-0.95089,1.3191657924233786,0.09327910773318965,-0.97694,2.3090873335043005,0.16327713118728537,1.3707100000000003,1.2798876778452084,0.09050172561614502,-0.094110552,0.05804938587812085,0.004104711439813386,-0.6512305520000001,4.265645702933007,0.3016267002683186
R:A:ALA:124,0.0,2.8968684389871764,0.2048395317413121,-0.6875649999999999,1.163927028329096,0.08230206945378105,0.020525000000000043,1.9343407324913053,0.13677854490699554,0.55429,1.6095208158641503,0.11381030833584452,-0.105187968,0.2031490244240837,0.014364805276170114,-0.21793796799999987,4.014981162131954,0.28390204060797497
R:A:LYS:125,0.0,5.08210105684155,0.359358811996798,-0.43593999999999994,1.756534405057299,0.12420573892034939,0.2958249999999999,16.330129008111815,1.1547144959287012,-0.16795499999999997,15.292094037180618,1.0813143392232782,-0.026320499999999997,0.14619651995087396,0.010337655064313736,-0.33439050000000053,23.009906369955,1.6270460828662716
R:A:GLY:126,0.0,2.3668371354087716,0.16736065884116852,-0.9175399999999999,1.1306240029956909,0.07994718994905324,-0.21551500000000004,1.866197707579505,0.13196010540642578,0.274575,1.0382028400437942,0.07341202684420993,-0.178375104,0.06285910024451244,0.004444809604217971,-1.036855104,3.3830073823498448,0.23921474608637266
R:A:ASN:127,0.0,3.7368761445825305,0.26423704622885485,-0.863275,1.679177513509218,0.11873578066183335,-0.8902899999999998,4.429504954072182,0.31321329903238465,0.287355,2.1414641111106674,0.1514243794633975,-0.13456746,0.04900277282644107,0.003465019296252036,-1.6007774599999989,6.402551396974075,0.4527287509695771
R:A:GLU:130,0.0,3.913267350942177,0.276709788044713,-0.356995,2.2566478269493007,0.1595690981185737,-0.31988499999999975,12.550156911842778,0.8874301057319248,0.4628400000000001,8.653484875597808,0.6118937836430438,-0.049702932000000005,0.10130052907877557,0.007163029104938725,-0.2637429319999991,15.89986231311742,1.1242900461537753
R:A:ARG:186,0.0,5.626071694512966,0.3978233446631808,-1.622445,2.2166712257741334,0.1567423255405986,-0.7068400000000006,10.74278671635065,0.7596297335972308,2.0405149999999996,10.124452093539432,0.715906873114007,-0.305017128,0.17014413507251494,0.01203100716888952,-0.5937871279999993,15.953283664783548,1.1280675061561023
R:A:ASN:187,0.0,3.7974722263895493,0.2685218362647626,-0.28113,1.8197074476684432,0.12867274760220207,-0.06179000000000052,3.3796018192532684,0.23897393641043788,0.12491999999999998,2.393103526135048,0.16921797314115306,-0.023684076,0.043088307068752656,0.0030468034118163252,-0.24168407600000058,5.9061527283847015,0.41762806449642514
R:A:LEU:189,0.0,3.91978795803421,0.27717086459393603,-1.4638399999999998,2.180777041778916,0.15420422344978102,0.12975500000000006,1.4370435930670302,0.10161432695183785,-0.027730000000000005,0.5986344029121613,0.04232984457507492,-0.289007604,0.05046684715771129,0.0035685449850322696,-1.650822604,4.7483187004756795,0.3357568352341248
R:A:VAL:190,0.0,3.409884145473274,0.24111522023246476,-0.10565000000000001,1.787885774749047,0.12642261553120154,-0.08683499999999998,1.8745385276848807,0.13254989045214258,0.11233,0.7947366627380418,0.05619636834796355,0.0,0.01253321065283944,0.0008862318242662244,-0.08015499999999998,4.355399357733372,0.3079732420628801
R:A:ALA:199,0.0,2.846191100400674,0.20125610276461184,-0.19628500000000002,1.3336657262129068,0.09430440788412278,0.037449999999999956,1.6378072695833292,0.1158104626598996,-0.158495,0.8361108895804431,0.059121967984624796,-0.020492532000000004,0.03335615750776843,0.0023586365168069626,-0.3378225320000001,3.6417131620287835,0.2575080072006857
R:A:ASP:200,0.0,3.4051964712113163,0.2407837516066024,-0.414475,1.9504859622860657,0.13792018505416456,1.7027999999999996,10.119476190077725,0.7155550236059767,-0.35196,10.757750574258077,0.7606878381371361,-0.112918608,0.13095942918435452,0.009260230043657653,0.8234463919999996,15.282339632668071,1.0806245986655525
R:A:LEU:203,0.0,4.075314068878618,0.2881682213569012,-0.090715,1.778801221968042,0.12578024064365195,-0.03658499999999986,2.813630904822983,0.19895374925563727,0.06676,2.1883296567816286,0.15473827397819195,-0.009387612,0.20815238740538664,0.01471859646545182,-0.06992761199999994,5.702714399212234,0.4032428022853139
R:A:ARG:205,0.0,5.942802536577334,0.4202195972866448,-0.04057500000000001,2.361562832252193,0.16698770928836348,-0.9900600000000007,13.755894337228678,0.9726886167140026,0.8917099999999999,10.029136462702061,0.7091670402221891,-0.0006331320000000007,0.11387660304842219,0.0080522918234028,-0.1395581320000005,18.185572745576284,1.2859141808158252
R:A:LYS:214,0.0,4.869628987181673,0.344334767869874,-0.0029200000000000025,1.6174330563581294,0.11436978822661166,-0.45675500000000013,16.11394720147348,1.1394281337843888,0.4722250000000001,15.44479867468576,1.0921121876931303,0.0,0.131698770816517,0.009312509391829217,0.012550000000000106,22.903008999786135,1.6194872973325303
R:A:ASN:218,0.0,4.037040852877266,0.2854618962996638,-0.693755,2.3144998007938993,0.16365985041962794,-0.6741950000000007,7.709392834113138,0.5451363951832376,0.86394,5.3225134834728225,0.3763585377120466,-0.124677432,0.2559945452314316,0.018101547887991166,-0.6286874320000014,10.463461618187752,0.7398784664905725
L:B:LIG:321,0.0,8.802322303730419,0.6224181791157372,-25.465750000000003,5.358573375507701,0.37890835713071835,-5.36268,5.323060329133984,0.37639720553957356,7.535970000000001,3.580978480771701,0.25321341670367703,-4.1294793599999995,0.5318953161374279,0.03761067849221377,-27.421939359999996,12.150575185320605,0.8591754108857191

Sidechain Energy Decomposition:
Residue,Internal,,,van der Waals,,,Electrostatic,,,Polar Solvation,,,Non-Polar Solv.,,,TOTAL,,
,Avg.,Std. Dev.,Std. Err. of Mean,Avg.,Std. Dev.,Std. Err. of Mean,Avg.,Std. Dev.,Std. Err. of Mean,Avg.,Std. Dev.,Std. Err. of Mean,Avg.,Std. Dev.,Std. Err. of Mean,Avg.,Std. Dev.,Std. Err. of Mean
R:A:PRO:42,0.0,2.1168427055404946,0.14968338317929616,-0.03467500000000001,0.9373727135323494,0.06628226022379592,0.26697,1.537823340227999,0.10874053121421653,-0.239365,1.483622976795318,0.10490798676161411,-0.0012269160000000013,0.16219577130516985,0.011468972976966803,-0.008296916000000003,3.154684750546286,0.2230698979617071
R:A:LEU:43,0.0,3.2501655773206384,0.22982141197025135,-1.380775,1.5374965469473418,0.10871742343973664,0.24644999999999995,0.7942427781856124,0.05616144543634894,-0.21387499999999998,0.4633781276398358,0.032765781630765344,-0.21702006000000001,0.1546003060341999,0.010931892477029827,-1.5652200599999997,3.714419745582864,0.2626491390274853
R:A:GLY:44,0.0,0.322234423673201,0.022785414611105937,-0.06806999999999999,0.2205015770918657,0.015591816042398652,0.35464000000000007,0.522928101319866,0.036976600651628326,-0.34138999999999997,0.48637234286089914,0.03439171818185303,-0.10287503999999999,0.027269666143033583,0.001928256585043225,-0.15769503999999998,0.8143779583470764,0.057585217679607344
R:A:GLU:45,0.0,2.9054197312952907,0.2054441994192097,-0.20799499999999999,1.181124313726121,0.08351810116600472,-0.6062099999999998,14.521921358730394,1.0268549068616024,0.7247550000000001,13.537108771682933,0.9572181410116897,-0.0002038680000000004,0.13121906899131947,0.009278589350474742,-0.0896538679999998,20.09958334764845,1.4212551684146428
R:A:GLY:46,0.0,0.32196342773675396,0.022766252304672368,-0.04678499999999999,0.17190138968315527,0.012155263834035031,-0.132125,0.6386640471914792,0.04516036786691401,0.147415,0.6061225091307862,0.0428593336436184,-0.09030898799999999,0.03269757529564907,0.0023120677219911185,-0.12180398799999997,0.9537064167002415,0.06743722745098639
R:A:ALA:47,0.0,1.0811829420592982,0.07645117900333519,-0.04992,0.32145834877943363,0.022730537829096786,0.0048550000000000025,0.20860138416367233,0.014750345330703279,-0.0031400000000000004,0.11543396987022493,0.008162414287451967,-0.0030915000000000005,0.0892718104363858,0.00631247025283684,-0.051296500000000037,1.1563308433201935,0.0817649380606868
R:A:PHE:48,0.0,3.545012405507208,0.2506702311324582,-0.316625,1.4672680650361747,0.10375151986055434,-0.005800000000000007,1.2030709802625945,0.08506996483924276,0.15192000000000003,1.0269821953665994,0.07261860745015702,-0.055624212,0.20643478989998232,0.01459714398110977,-0.22612921199999986,4.15507834649433,0.29380840751675275
R:A:GLY:49,0.0,0.3508450779902719,0.02480849337928444,-0.017849999999999998,0.20862610167474252,0.014752093122672456,-0.08795999999999998,0.6909113105167696,0.048854807286489214,0.06074999999999999,0.6269038317796438,0.044328795060321675,-0.042709031999999994,0.04581478747470951,0.0032395946901987594,-0.08776903199999996,1.0193541911923218,0.07207922610230193
R:A:GLN:50,0.0,3.5116799519318382,0.2483132707367852,-0.127525,1.1091587091913402,0.07842936446813145,-0.0094649999999994,3.5493925006647267,0.25097995063127054,0.07394500000000001,2.3587710752582582,0.16679030225817987,0.0,0.09719187596949448,0.00687250345742714,-0.06304499999999927,5.633255142187283,0.3983312911194617
R:A:VAL:51,0.0,2.558032175090845,0.18088018975001102,-1.5050799999999998,1.1063714849000765,0.07823227794842741,0.3427900000000001,0.7075675253641875,0.05003257953324015,-0.283995,0.5658163281268932,0.040009256252459886,-0.274883904,0.052366005020732596,0.003702835725380881,-1.7211689039999998,2.9310627065975283,0.20725743159181081
R:A:VAL:52,0.0,2.225307879541615,0.15735302918517327,-0.03174,1.0655861777209763,0.07534832122051559,0.14518999999999999,0.776190020227006,0.05488492267918394,-0.21248999999999996,0.5105334941999399,0.03610016957716404,0.0,0.04842727537725623,0.0034243254813646202,-0.0990400000000001,2.6368408480794705,0.18645280445866805
R:A:ARG:53,0.0,4.625669195775893,0.32708420558588575,-0.21878499999999995,1.5477825211492087,0.10944475165066163,0.9635799999999993,17.637474649885398,1.2471577927939792,-0.6071799999999999,15.129222816541171,1.06979760476585,-0.042016104,0.21065885640483553,0.014895830588086236,0.09559889599999764,23.744698744208286,1.6790037499261377
R:A:VAL:70,0.0,2.6882374650967877,0.19008709410096733,-0.009639999999999978,1.2349994814371383,0.08732765080860702,0.04157999999999987,0.8519291182956479,0.0602404856637129,-0.08265499999999999,0.6871475623728865,0.04858867010296742,0.0,0.02198242506607494,0.001554392183114673,-0.05071500000000013,3.1544068554938804,0.22305024781410568
R:A:ALA:71,0.0,1.1454879239651545,0.08099822788030611,-0.18641499999999997,0.4978954569736503,0.0352065253948043,-0.0027750000000000075,0.1751957139173216,0.01238820773457565,0.023465000000000003,0.10303477701727703,0.007285658952696042,-0.016965144,0.02443082457652283,0.0017275201728038255,-0.18269014399999997,1.2656812547653886,0.08949717980653045
R:A:VAL:72,0.0,2.4407113576168733,0.17258435518899157,-0.016625000000000015,1.1258170617711387,0.07960728787538864,0.07960999999999994,0.678820564619252,0.04799986244511541,-0.150975,0.4786116895511433,0.03384295712367641,0.0,0.0003388453983751292,2.39599878964911e-05,-0.08799000000000014,2.8132548073212646,0.19892715514625203
R:A:LYS:73,0.0,3.3879226465785792,0.23956230775311882,-0.95943,1.3203558721420523,0.09336325907711232,-0.87775,12.503522204113127,0.8841325339244959,1.447525,11.141293848879268,0.78780844317345,-0.20605896,0.1444662833157073,0.010215308858535362,-0.5957139599999999,17.13793237619813,1.2118348198726179
R:A:LYS:76,0.0,3.6832055070549625,0.26044195905422,-0.064875,1.9582048454834853,0.13846599251937278,0.03295499999999991,14.466694355092839,1.0229497679839294,0.14647999999999997,12.626600540143416,0.8928354865269132,0.0,0.18882689146711923,0.013352077542677624,0.11455999999999987,19.650763633585367,1.3895188220802213
R:A:GLU:90,0.0,2.967183317525225,0.20981154448456835,-0.08624500000000002,1.3947306802300579,0.09862235219196001,0.32598999999999995,11.37879444155443,0.8046022711350931,-0.030034999999999954,10.737784824086157,0.759276046403332,-0.0013612680000000005,0.09191961248573591,0.0064996981312703496,0.20834873200000018,15.985458566987045,1.130342615309313
R:A:MET:94,0.0,2.9582436998665274,0.20917941805780033,-0.03240500000000002,0.8576976010663666,0.0606483789921462,0.009305000000000003,1.4009590575298765,0.09906276497440902,0.018539999999999997,1.2388120778390885,0.08759724208558166,-0.0035456040000000004,0.06329070982841953,0.004475329010578552,-0.008105603999999997,3.603914305543431,0.2548352244264967
R:A:ILE:104,0.0,3.0598684906299485,0.21636537592634825,-0.272865,1.347441068794847,0.09527847169940856,0.06763000000000001,0.6050282892146449,0.04278196061133711,-0.08159,0.5527190897282273,0.03908314164380853,-0.025800191999999996,0.04930273819491165,0.003486230050868703,-0.312625192,3.4427287137848253,0.24343768193028906
R:A:VAL:120,0.0,2.4307310734735754,0.17187864252940213,-0.18516000000000002,1.1743752497391964,0.0830408702748231,0.0759949999999999,0.7784592066222866,0.05504537838797186,-0.14920499999999998,0.5894002342848194,0.04167689024957356,-0.026806608,0.05967987111780936,0.004220004156774218,-0.28517660800000005,2.87133485304599,0.20303403456460983
R:A:GLU:121,0.0,2.7165585843029416,0.19208969964511374,-0.024319999999999994,1.5613304848749991,0.11040273735283922,-0.30478500000000003,13.028059567536333,0.921222926590722,0.30739,11.67219248050254,0.8253486454277974,0.0,0.06583133585325067,0.004654978399640264,-0.021715000000000623,17.770542776935798,1.2565671302936923
R:A:CYS:122,0.0,1.5615555717136675,0.11041865339583704,-0.188885,0.682935740589845,0.04829084932857362,-0.17682500000000004,1.4538594072588311,0.1028033845764574,0.191945,1.209145847065192,0.08549952279033493,-0.01252512,0.07922055071760993,0.00560173886217548,-0.18629012000000003,2.546934192422529,0.18009544386978532
R:A:ALA:123,0.0,1.26783125817279,0.08964920800542522,-0.28831500000000004,0.6791102193863673,0.04802034413011843,0.03863,0.17535228855079138,0.012399279233084478,-0.005584999999999998,0.09873484630564834,0.006981607936213548,-0.032918616,0.030161038706899734,0.002132707499727874,-0.288188616,1.4525816577755204,0.10271303404402674
R:A:ALA:124,0.0,1.0842163361386876,0.07666567235568993,-0.10053,0.5434117846992279,0.03842501579375082,-0.01690500000000001,0.24816528257393297,0.017547935416310376,0.004059999999999999,0.18469288887231147,0.013059759415854489,-0.007397603999999999,0.12304698854432448,0.008700736000427527,-0.12077260400000003,1.2576404348480639,0.08892860797754644
R:A:LYS:125,0.0,3.848345890580783,0.2721191475581055,-0.065775,1.369357257685152,0.09682818027761855,0.19649500000000011,17.068521673161243,1.206926741992187,-0.08303499999999975,15.887474613247223,1.1234141034956233,-0.001956348000000002,0.15057457555274995,0.010647230344763562,0.04572865200000032,23.673906728490714,1.6739979984893618
R:A:GLY:126,0.0,0.2839732838666342,0.02007994346979094,-0.03906,0.22008597411011907,0.015562428473731212,-0.049635,0.7838162535792429,0.055424178811011714,0.065085,0.7326496987476347,0.05180615702187337,-0.049280111999999994,0.04220470057648271,0.002984322997557871,-0.07289011199999999,1.1322558894308081,0.08006258174549302
R:A:ASN:127,0.0,2.7889512329906383,0.19720863292462631,-0.545295,1.1548168501866432,0.08165788257954647,-0.6354999999999997,3.480745271461272,0.24612585850332755,0.31618,1.4303236657484206,0.1011391563342309,-0.12461886,0.04382437529961371,0.0030988512955621088,-0.9892338599999999,4.824436230995847,0.3411391574339232
R:A:GLU:130,0.0,3.0343936513247587,0.2145640327641145,-0.30528,1.9014421814901445,0.1344522660565823,-0.30882500000000035,12.117775879041293,0.8568561496968875,0.4107999999999999,8.342478739859036,0.5899023288858928,-0.049691448000000006,0.10196102897114602,0.0072097335002255375,-0.25299644800000104,15.14169300414765,1.070679380187771
R:A:ARG:186,0.0,4.665790391300279,0.3299212025283462,-1.2620049999999998,1.6057449780942799,0.11354331628667094,-0.36010500000000145,10.334251968109495,0.7307419645140648,1.126355,9.469754857142554,0.6696127875659745,-0.25232367599999994,0.16196800788746,0.011452867671249917,-0.7480786760000019,14.860931038819675,1.0508265112295037
R:A:ASN:187,0.0,2.7293015727837773,0.19299076500185183,-0.11302,1.18451103741164,0.0837575786944083,-0.014685000000000059,3.171785085070393,0.22427907421196253,0.103605,2.0224925472977646,0.14301181950935035,-0.010165031999999997,0.052624131587291546,0.0037210880299427046,-0.03426503200000042,4.796417361106654,0.33915792414394
R:A:LEU:189,0.0,2.7736827929577674,0.196128991176088,-1.37268,1.333277483328208,0.09427695496647098,0.10932500000000003,0.8104520677220831,0.0573076152912944,0.011930000000000003,0.5483604984861693,0.038774942701440586,-0.289007568,0.05040195263560331,0.003563956249367828,-1.540432568,3.2297085364943507,0.22837488074112355
R:A:VAL:190,0.0,2.587310167877056,0.1829504564738771,-0.030309999999999997,1.1517682973150458,0.08144231733871525,0.04815500000000005,1.1431129095041312,0.08083028899722554,-0.10580500000000001,1.0075219248110683,0.07124255852280292,0.0,0.012555121424857983,0.0008877811498137588,-0.08795999999999998,3.216008286591313,0.2274061267800847
R:A:ALA:199,0.0,1.3011352894876074,0.09200415864378088,-0.11903000000000001,0.5458492109548203,0.03859736785714797,0.00952000000000002,0.21670711190452427,0.01532350683590411,0.03069,0.10395303146132871,0.007350589347120405,-0.020469456,0.03243403164387184,0.0022934323716600844,-0.09928945599999997,1.4316859202208687,0.10123548227174788
R:A:ASP:200,0.0,2.1917159729764255,0.15497772269265023,-0.314945,1.127830664672228,0.07974967110198636,1.594205,10.417034845668656,0.7365955979228866,-0.3539999999999999,10.292521925065305,0.7277912048724895,-0.104844168,0.11597474778869517,0.008200653060778591,0.8204158320000003,14.850578898154936,1.0500945043431202
R:A:LEU:203,0.0,2.9629703236364007,0.20951364082977983,-0.077835,1.3034850533761406,0.09217031204175778,-0.06486499999999987,0.9376860750672369,0.06630441823042413,0.06902,0.6662708033149884,0.047112460313063674,-0.009387612,0.20137755581530262,0.014239543529577294,-0.0830676119999999,3.4412194498224236,0.24333096085204758
R:A:ARG:205,0.0,5.236023763486945,0.3702427909615526,-0.03775999999999996,2.000926214631614,0.14148684950199436,-0.9875149999999993,11.794117867152039,0.8339700721976627,0.8822550000000001,8.988908643237789,0.6356118257099809,-0.0006332040000000002,0.08983587828710353,0.006352355873066023,-0.14365320399999718,15.853372382997177,1.121002711669284
R:A:LYS:214,0.0,3.8142704807079424,0.2697096522188258,-0.0014500000000000012,0.9922038503755164,0.07015940709199302,-0.464285,16.019259094645264,1.1327326735407939,0.4690099999999998,15.3988137376796,1.088860561614181,0.0,0.13027923560122276,0.00921213309414245,0.003274999999999695,22.567459469976985,1.5957603625373296
R:A:ASN:218,0.0,2.8497428710674932,0.20150725087698457,-0.25238,1.4319409693664051,0.10125351696978234,-0.10983000000000004,6.482161867752919,0.4583580613436945,0.12597000000000003,4.104475153816868,0.29023022144756044,-0.045006768,0.21568913511298973,0.01525152500666565,-0.28124676799999987,8.311627394319707,0.5877208093219339
L:B:LIG:321,0.0,8.802322303730419,0.6224181791157372,-25.465750000000003,5.358573375507701,0.37890835713071835,-5.36268,5.323060329133984,0.37639720553957356,7.535970000000001,3.580978480771701,0.25321341670367703,-4.1294793599999995,0.5318953161374279,0.03761067849221377,-27.421939359999996,12.150575185320605,0.8591754108857191

Backbone Energy Decomposition:
Residue,Internal,,,van der Waals,,,Electrostatic,,,Polar Solvation,,,Non-Polar Solv.,,,TOTAL,,
,Avg.,Std. Dev.,Std. Err. of Mean,Avg.,Std. Dev.,Std. Err. of Mean,Avg.,Std. Dev.,Std. Err. of Mean,Avg.,Std. Dev.,Std. Err. of Mean,Avg.,Std. Dev.,Std. Err. of Mean,Avg.,Std. Dev.,Std. Err. of Mean
R:A:PRO:42,0.0,2.3878964498068167,0.16884977724296824,-0.106605,0.9219451309459799,0.06519136539738218,-0.28939,3.0347509805171824,0.21458929975362237,0.31621499999999997,2.668845702223154,0.18871588939825654,-0.009057924,0.04769579475052769,0.0033726019902179864,-0.08883792400000001,4.784010667247397,0.3382806384079414
R:A:LEU:43,0.0,2.2720927600342375,0.16066121981050685,-0.976735,1.1852109659360228,0.08380707111500199,-0.637755,1.9907002196902979,0.14076376246525596,1.735095,1.4571297309694151,0.10303463138370031,-0.149615496,0.05835963331903311,0.00412664924674487,-0.029010495999999844,3.5576186991196983,0.2515616307023602
R:A:GLY:44,0.0,2.162202005317727,0.1528907700255316,-1.26974,1.0682493866836527,0.07553663853223812,-0.55248,1.7163682404280267,0.12136556218198802,1.209035,1.1358690990932891,0.08031807425091192,-0.030150215999999997,0.04136597887579792,0.0029250164173496183,-0.6433352159999999,3.170820706880689,0.22421088237620573
R:A:GLU:45,0.0,2.1607886569375543,0.1527908312031517,-1.4370349999999998,1.025134237734259,0.07248793711283968,-0.5359149999999999,1.8309503944331755,0.12946774399198824,1.247525,1.7765708946380383,0.12562253268572082,-0.154283076,0.07452553747581551,0.005269751292072133,-0.879708076,3.4977200247605666,0.24732615482001755
R:A:GLY:46,0.0,2.4461490015839185,0.17296885468126916,-0.964615,1.3004905598561642,0.09195856937433834,-0.42161000000000004,3.5971145962771334,0.2543544123732671,0.620715,2.173206393298851,0.15366889776195766,-0.042644591999999995,0.061612959333605916,0.004356694135376373,-0.808154592,5.033962280113732,0.35595488645057144
R:A:ALA:47,0.0,2.3105579023257565,0.1633811161058707,-0.21644499999999997,0.9429154343709726,0.06667418977291736,-0.15557500000000002,3.978832908049168,0.28134597304897574,0.17169000000000004,3.4912729130648037,0.24687027518010343,-0.009160596,0.07337436224115505,0.00518835091059589,-0.20949059599999992,5.852627529331103,0.4138432613749093
R:A:PHE:48,0.0,2.403837431680853,0.16997697488115854,-0.28358,1.3687344299571047,0.09678413970661723,-0.42430499999999993,2.4072621403733745,0.17021913835516558,0.3522200000000001,1.7790861153271924,0.125800385646269,-0.008643311999999998,0.03620203779240058,0.0025598706415778123,-0.36430831199999986,4.0759339228531815,0.2882120516517771
R:A:GLY:49,0.0,2.0961629229499312,0.14822110172897107,-0.7912650000000001,1.0172883602376468,0.07193314979461835,-0.3175949999999999,1.8765438670265613,0.13269168935685083,0.547375,1.2162658467929617,0.08600298279929017,-0.03741746399999999,0.03261718688131887,0.002306383402700947,-0.5989024639999999,3.2296374383597692,0.22836985334381432
R:A:GLN:50,0.0,2.2458757649968084,0.1588073983131768,-0.7202000000000001,1.2474359284348036,0.08820704040919863,0.5820949999999999,1.5348440394629677,0.10852986283680173,-0.30729500000000004,0.8003031830968811,0.056589980777298377,-0.017081208,0.01363397370997025,0.0009640675264839075,-0.46248120800000014,3.0978172384663245,0.2190487576196122
R:A:VAL:51,0.0,2.341602638835206,0.1655763104764688,-0.461815,1.3738994702579226,0.09714936320879825,-0.46543000000000007,1.9912798620736363,0.14080474937124812,0.29967499999999997,1.0531300459463684,0.07446753969599774,-0.000348228,0.004254777294385218,0.0003008581877298339,-0.6279182280000001,3.5277470372009136,0.24944938523155177
R:A:VAL:52,0.0,2.1848429883632368,0.15449172928995258,-0.09701499999999999,1.2785370661717241,0.09040622294883797,-0.17647500000000008,1.3509987480286574,0.09553003761055995,0.28336,0.8007212386342702,0.05661954176783842,-1.782e-05,0.00025138203515764597,1.7775394172844655e-05,0.00985217999999985,2.9790179750620713,0.2106483811443008
R:A:ARG:53,0.0,2.2669903142272134,0.16030042240742848,-0.04474,1.2943928098533306,0.09152739333663994,-0.07379500000000001,1.5319963080487498,0.10832849781740259,0.14925999999999998,0.9799056000197162,0.0692897894696614,-2.3904e-05,0.005607256536256568,0.00039649291206396116,0.030701095999999962,3.1815023094681014,0.22496618573855562
R:A:VAL:70,0.0,2.2735108334797967,0.1607614927454644,-0.032085,1.3934267997907175,0.0985301539219086,-0.07610499999999995,2.1137982258188694,0.14946810595366156,0.0025849999999999883,1.3009628268228883,0.09199196369180844,-4.6547999999999995e-05,0.003347862018640553,0.00023672959358576187,-0.10565154799999998,3.642958712469179,0.25759608091695707
R:A:ALA:71,0.0,2.1623906075915147,0.15290410622020587,-0.08744000000000002,1.2748665479766892,0.09014667811822019,0.08891000000000002,1.2488217986166,0.08830503622953788,-0.216785,0.5262181176803018,0.03720923993949621,-6.8039999999999996e-06,0.00016596739896738757,1.1735667326573295e-05,-0.215321804,2.852661787624004,0.2017136494460672
R:A:VAL:72,0.0,2.136221837544032,0.15105369474461722,-0.06939999999999999,1.3195178773893137,0.0933040038998863,-0.200075,1.3766591949988929,0.09734450521665308,0.208045,0.7003719522332402,0.04952377567769849,-3.2184e-05,0.0006835460788564292,4.8334006761285564e-05,-0.061462183999999975,2.947928602567444,0.20845003053292224
R:A:LYS:73,0.0,2.119026068445124,0.14983777025086165,-0.09280000000000001,1.23014485325916,0.08698437675812823,0.036140000000000005,1.4605968499212916,0.10327979371590552,-0.002549999999999988,0.5909288271441833,0.04178497808722652,0.0,0.00149028868366904,0.00010537932341479517,-0.05920999999999993,2.9130860091079294,0.20598628712198735
R:A:LYS:76,0.0,2.2254717662104815,0.15736461772266344,-0.015354999999999997,1.214108436044738,0.0858504308223028,0.006754999999999973,2.076361459904079,0.1468209268492574,0.02792500000000002,1.5712007752273418,0.11110067227688138,0.0,0.039610282964121724,0.002800869968864845,0.019324999999999995,3.634322720871318,0.25698542409484526
R:A:GLU:90,0.0,2.4753186216626744,0.1750314582975015,-0.007429999999999988,1.365110468332142,0.09652788692264014,0.003524999999999967,1.8334845827208366,0.1296469381642891,-0.02578000000000002,0.9088305015788147,0.06426402106155511,0.0,0.0156307608945694,0.0011052617023655528,-0.029685000000000062,3.489786782292171,0.24676518986539758
R:A:MET:94,0.0,2.3247956474064555,0.16438787671540744,-0.0031450000000000223,1.0156609210139966,0.07181807246351714,-0.013659999999999997,1.5634940614373949,0.11055572531872784,0.028254999999999995,1.0573673067458629,0.07476715928049558,0.0,0.015173802815999948,0.0010729498867581093,0.011449999999999915,3.162121353536562,0.22359574520204872
R:A:ILE:104,0.0,2.3123273859793296,0.16350623749493473,-0.025995000000000008,1.0340319917560579,0.07311710333345407,-0.0018900000000000362,1.2661152237849445,0.08952786605018573,-0.0028400000000000244,0.9298056284783396,0.06574718650824535,0.0,0.019888128215824835,0.0014063030326517253,-0.030725000000000037,2.980614350133027,0.2107612619080998
R:A:VAL:120,0.0,2.276104094620894,0.16094486399929012,-0.04660499999999999,1.3468286805956426,0.09523516931457096,-0.01962500000000005,1.4882796125308577,0.10523726063222569,0.005529999999999991,0.8082035129223332,0.057148618456617124,0.0,0.0,0.0,-0.060700000000000094,3.14050417414147,0.22206717978800916
R:A:GLU:121,0.0,2.3743148396011002,0.16788941237537877,-0.16137,1.0181540645206895,0.07199436433152251,-0.25553,1.4609083675234393,0.1033018213367993,0.624495,1.1985204424101408,0.08474819322189116,-0.009977292,0.017213156155775733,0.0012171539443371984,0.19761770800000003,3.2007826321963577,0.22632951043301713
R:A:CYS:122,0.0,2.2149535319617883,0.15662086624632748,-0.22102000000000005,0.9584937047263274,0.06777573983366025,-0.36998000000000003,2.6972885414337857,0.1907271018464602,-0.012565000000000026,1.8655988606544012,0.1319177605342624,-0.003909456,0.04803338612464027,0.0033964733052084953,-0.6074744559999999,4.0722059281865395,0.2879484426208761
R:A:ALA:123,0.0,2.4475111528959372,0.1730651733242422,-0.66262,1.0257947000009309,0.07253463884758783,-1.015595,2.3222827074615613,0.16421018502783252,1.37643,1.3254642428598367,0.09372447543464833,-0.061192116,0.04897282945760337,0.003462901980336365,-0.362977116,3.767600878622905,0.26640961300786503
R:A:ALA:124,0.0,2.442048982217597,0.17267893953157692,-0.586995,0.9211765956509099,0.06513702174550967,0.03749,1.930859364505867,0.13653237501596463,0.550295,1.6450851359352197,0.11632508552489872,-0.097790976,0.09979930380563824,0.007056876447866321,-0.09700097599999997,3.640968613286867,0.2574553596542524
R:A:LYS:125,0.0,2.6797003177221144,0.18948342662090528,-0.37022,1.0547551017179295,0.07458244849158546,0.09938000000000001,1.9729997384059634,0.1395121494306141,-0.08488500000000002,1.3136110439452768,0.09288632770152451,-0.024364152000000004,0.04919732703923984,0.003478776356569878,-0.3800891519999999,3.7301507257633446,0.2637614873035183
R:A:GLY:126,0.0,2.288396598395916,0.16181407527699807,-0.878545,1.0755369769910283,0.07605194898472359,-0.165905,1.8356060279577968,0.12979694699558614,0.20954500000000004,1.1704980986635563,0.08276671429309612,-0.129095208,0.05029991101398983,0.003556740817107212,-0.964000208,3.3370022700506237,0.23596169339876985
R:A:ASN:127,0.0,2.2600385611643885,0.15980885923424268,-0.318015,1.0628909985859323,0.07515774327622537,-0.25475,2.1736104639401237,0.1536974698710099,-0.028834999999999996,1.3127035125552915,0.09282215554152468,-0.009948456,0.014503568813295023,0.0010255571859286638,-0.611548456,3.5616702384075825,0.2518481177928309
R:A:GLU:130,0.0,2.3242513012150816,0.1643493856270841,-0.05164000000000003,1.1077001783650664,0.07832623076434866,-0.011165000000000126,2.2194512382287206,0.1569389021064408,0.051995000000000006,1.7870587209644229,0.12636413399725016,-1.1879999999999998e-05,0.018082244972967263,0.0012786078039461512,-0.010821880000000148,3.8404444319613926,0.2715604300610019
R:A:ARG:186,0.0,2.686578518776252,0.1899697888816798,-0.36032500000000006,1.1275291389471935,0.07972835001349896,-0.346745,2.2927692224415,0.16212326648841924,0.9142199999999999,1.854536828860511,0.1311355567647463,-0.05269356,0.031744476924525186,0.002244673489855164,0.15445643999999997,4.145615921128633,0.2931393130024972
R:A:ASN:187,0.0,2.3842620469969322,0.16859278615572496,-0.168065,1.150757011873054,0.08137080865934047,-0.04707999999999999,1.8022594263867786,0.12743898618554686,0.021380000000000007,1.2260598672169316,0.08669552462497704,-0.01351926,0.030905829476671098,0.002185372160114922,-0.20728426000000005,3.4294699615859945,0.24250014657130253
R:A:LEU:189,0.0,2.3180131811100644,0.16390828392427273,-0.0911,1.5413202677574835,0.10898780133115817,0.02041499999999994,1.441222950752242,0.1019098521678596,-0.039685,0.7469507285457321,0.05281739253669192,0.0,0.0007876019149595816,5.5691865494343064e-05,-0.11037,3.2224079320543475,0.22785865005049485
R:A:VAL:190,0.0,2.166907110134165,0.1532234711777213,-0.07528000000000003,1.1453855919951148,0.08099099191731138,-0.13501000000000013,1.8832188504525968,0.1331636819613366,0.21811,1.0043745346731965,0.07102000443185004,0.0,0.0007570509837520851,5.353158843150462e-05,0.007819999999999876,3.2500271685058557,0.22981162498910046
R:A:ALA:199,0.0,2.233042281003654,0.15789993395739596,-0.07724,1.269315442728875,0.08975415570183923,0.02795999999999997,1.6019811091894938,0.1132771705640638,-0.189135,0.8307774117505844,0.05874483415054468,-2.3111999999999995e-05,0.004708241723327297,0.0003329229650030168,-0.23843811200000004,3.1391394157499803,0.22197067679667878
R:A:ASP:200,0.0,2.5253212710861166,0.17856717954596246,-0.099525,1.3030381836596348,0.09213871358107296,0.10858999999999996,2.797789810886443,0.19783361476124323,0.0020900000000000007,1.6354837459143396,0.1156461647256406,-0.008074223999999998,0.0554775132125432,0.003922852579595558,0.0030807760000000116,4.310529978297013,0.3048004978161719
R:A:LEU:203,0.0,2.409968522574517,0.17041050847585662,-0.0129,1.1525868821047722,0.08150020002429442,0.028265000000000002,2.7448216893406756,0.19408820296807067,-0.002224999999999997,2.2333054044118104,0.1579185395920156,0.0,0.03466988957826131,0.002451531402377738,0.013139999999999928,4.433881588122688,0.31352277379397314
R:A:ARG:205,0.0,2.546862500715341,0.1800903745005546,-0.002805000000000002,1.1135476516409166,0.07873970956496475,-0.0026200000000000303,4.091374073309602,0.28930383516080466,0.00940500000000001,2.64544307394338,0.18706107368283492,0.0,0.07258514705698978,0.005132544969742024,0.003980000000000015,5.609766166144832,0.3966703696951871
R:A:LYS:214,0.0,2.5666629488111603,0.1814904776124632,-0.0013849999999999976,1.1117763249750374,0.07861445785525077,0.007614999999999994,2.2221428976947006,0.15712923117254474,0.0031750000000000177,1.507614895911751,0.10660447163170501,0.0,0.026694056254904983,0.0018875548195218487,0.00940500000000017,3.877542984205893,0.27418369384743085
R:A:ASN:218,0.0,2.327657579531405,0.1645902458766922,-0.441365,1.3437818668128396,0.0950197270458877,-0.564385,2.469748333388445,0.17463757943631436,0.7380199999999999,2.0330049644184345,0.14375515965261906,-0.079670808,0.1061389880206061,0.007505159817764831,-0.347400808,4.179446256805803,0.29553147897921156
L:B:LIG:321,0.0,0.0,0.0,0.0,0.0,0.0,0.0,0.0,0.0,0.0,0.0,0.0,0.0,0.0,0.0,0.0,0.0,0.0

